dry 0 56.4469833 23.1652775 20.5453739 31.7050915 0.970911622 0.745148063 900
humid 0 47.8117294 30.7234745 29.0060978 34.3687782 0.984533727 0.600532711 800
night 0 27.5037479 26.5998173 26.6183109 26.9206219 -0.636294305 0 0
wind-0 0 71.6959763 30.8602848 20.5453739 40.1413956 0.970911622 0.745148063 900
wind-0.12 0 71.6959763 30.8602848 20.5453739 40.1413956 0.970911622 0.745148063 900
wind-0.13 0 71.6959763 30.8602848 20.5453739 40.1413956 0.970911622 0.745148063 900
wind-0.14 0 71.3108444 30.5345402 20.5453739 39.8363457 0.970911622 0.745148063 900
pressure-1013.25 0 56.1186752 23.5215702 20.9240971 31.888834 0.970911622 0.745148063 900
pressure-850 0 57.0169601 22.5542545 19.9003544 31.3913708 0.970911622 0.745148063 900
pressure-750 0 57.6727219 21.8810368 19.1950626 31.0512695 0.970911622 0.745148063 900
sunrise-11:00 0 26.4288273 25.6171513 25.6491337 25.9177704 0.0679699332 0 0
sunrise-11:30 0 27.0779667 25.7387638 25.6491337 26.1327286 0.172383413 1.19896811e-07 20
sunrise-12:00 0 29.6241398 26.2067509 25.6491337 26.969553 0.278295428 0.0320581682 100
sunset-00:00 0 40.1311264 27.5027714 26.0849857 30.1781654 0.0753495917 0.899999976 84.7569962
sunset-01:00 0 29.0635624 26.234705 26.0849857 27.0770054 -0.134140909 0 20
sunset-02:00 0 28.4137516 26.1176701 26.0849857 26.8651199 -0.319379568 0 0
alaska-summer 0 36.1779099 19.3012943 16.86413 23.1464882 0.790294588 0.614102542 650
alaska-winter 0 -11.7222652 -11.2247982 -10.6521664 -11.2018118 0.095926106 0 0
hawaii 0 43.3237839 26.1383305 24.5449467 29.9615879 0.988328993 0.726221144 900
calendar-1950-01-01T00:00:00Z 0 40.3371506 20.9712467 20.5453739 26.9473038 0.0826022997 0 0
calendar-1991-06-15T20:00:00Z 0 40.3371506 20.9712467 20.5453739 26.9473038 0.976137042 0 0
calendar-2000-02-29T12:00:00Z 0 40.3371506 20.9712467 20.5453739 26.9473038 -0.426145464 0 0
calendar-2020-12-31T23:59:00Z 0 40.3371506 20.9712467 20.5453739 26.9473038 0.0892871246 0 0
calendar-2049-12-31T23:59:00Z 0 40.3371506 20.9712467 20.5453739 26.9473038 0.0867068246 0 0
saturated 0 46.3044968 31.5482121 29.9999943 34.3446465 0.970911622 0.745148063 900
strong-wind 0 45.7304306 20.9511662 20.5453739 28.0119019 0.970911622 0.745148063 900
solar-cap 0 58.4904709 23.1765079 20.5453739 32.1216507 0.970911622 0.899999976 1092.1095
stress -1 -9999 -9999 13.147028 -9999 0.970911622 0.899999976 1092.1095
