dry 2020 07 15 20 00 33.86 -112.14 42 15 950 2 900
humid 2020 07 15 18 00 28.9 -81.26 33 75 1010 2 800
night 2020 07 16 06 00 28.9 -81.26 28 90 1010 1 0
wind-0 2020 07 15 20 00 33.86 -112.14 42 15 950 0 900
wind-0.12 2020 07 15 20 00 33.86 -112.14 42 15 950 0.12 900
wind-0.13 2020 07 15 20 00 33.86 -112.14 42 15 950 0.13 900
wind-0.14 2020 07 15 20 00 33.86 -112.14 42 15 950 0.14 900
pressure-1013.25 2020 07 15 20 00 33.86 -112.14 42 15 1013.25 2 900
pressure-850 2020 07 15 20 00 33.86 -112.14 42 15 850 2 900
pressure-750 2020 07 15 20 00 33.86 -112.14 42 15 750 2 900
sunrise-11:00 2020 07 15 11 00 28.9 -81.26 27 90 1010 1 0
sunrise-11:30 2020 07 15 11 30 28.9 -81.26 27 90 1010 1 20
sunrise-12:00 2020 07 15 12 00 28.9 -81.26 27 90 1010 1 100
sunset-00:00 2020 07 16 00 00 28.9 -81.26 29 80 1010 1 100
sunset-01:00 2020 07 16 01 00 28.9 -81.26 29 80 1010 1 20
sunset-02:00 2020 07 16 02 00 28.9 -81.26 29 80 1010 1 0
alaska-summer 2020 06 21 22 00 61.22 -149.9 24 50 1000 2 650
alaska-winter 2020 12 21 22 00 61.22 -149.9 -10 80 1000 2 0
hawaii 2020 07 15 22 00 21.31 -157.86 30 65 1012 3 900
calendar-1950-01-01T00:00:00Z 1950 01 01 00 00 33.86 -112.14 42 15 950 2 0
calendar-1991-06-15T20:00:00Z 1991 06 15 20 00 33.86 -112.14 42 15 950 2 0
calendar-2000-02-29T12:00:00Z 2000 02 29 12 00 33.86 -112.14 42 15 950 2 0
calendar-2020-12-31T23:59:00Z 2020 12 31 23 59 33.86 -112.14 42 15 950 2 0
calendar-2049-12-31T23:59:00Z 2049 12 31 23 59 33.86 -112.14 42 15 950 2 0
saturated 2020 07 15 20 00 33.86 -112.14 30 100 950 2 900
strong-wind 2020 07 15 20 00 33.86 -112.14 42 15 950 50 900
solar-cap 2020 07 15 20 00 33.86 -112.14 42 15 950 2 2000
stress 2020 07 15 20 00 33.86 -112.14 60 5 200 0 2000
